The obtained HMM POS tag state transition matrix, A, rounded to 3 decimal places, is: 
[[0.102 0.046 0.071 0.055 0.06  0.142 0.186 0.115 0.062 0.003 0.131 0.027]
 [0.065 0.067 0.078 0.004 0.018 0.005 0.697 0.021 0.001 0.01  0.013 0.021]
 [0.039 0.108 0.017 0.013 0.001 0.324 0.324 0.064 0.066 0.001 0.009 0.035]
 [0.138 0.131 0.12  0.08  0.008 0.067 0.031 0.029 0.015 0.013 0.348 0.021]
 [0.031 0.118 0.054 0.058 0.001 0.11  0.355 0.042 0.06  0.005 0.158 0.009]
 [0.018 0.207 0.009 0.013 0.001 0.006 0.635 0.023 0.004 0.    0.04  0.045]
 [0.24  0.012 0.177 0.017 0.043 0.013 0.264 0.009 0.005 0.044 0.145 0.03 ]
 [0.119 0.033 0.037 0.002 0.013 0.003 0.349 0.187 0.002 0.03  0.019 0.207]
 [0.039 0.071 0.02  0.037 0.005 0.009 0.207 0.007 0.007 0.012 0.491 0.096]
 [0.042 0.086 0.021 0.009 0.002 0.098 0.249 0.057 0.017 0.002 0.404 0.012]
 [0.035 0.067 0.092 0.081 0.005 0.134 0.112 0.023 0.037 0.03  0.167 0.216]
 [0.165 0.015 0.144 0.027 0.01  0.051 0.064 0.002 0.056 0.186 0.203 0.076]]
The negative joint log-likelihood over the training set is: 535848.6530835249
The negative joint log-likelihood over the test set is: 144564.69461436156
The per word accuracy, as a percentage rounded to 3 decimal places, is: 92.815 %
